   38
  771
  736
  469
  434
  167
  132
   97
  830
  795
  528
  493
  226
  191
  156
  889
  854
  587
  552
  285
  250
  214
  947
  912
  645
  610
  343
  308
  273
    6
  971
  704
  669
  402
  367
  332
   65
   30
  763
  728
  461
  426
  391
  124
   89
  822
  787
  520
  485
  450
  183
  148
  881
  846
  578
  543
  508
  241
  206
  939
  904
  637
  602
  567
  300
  265
  998
  963
  696
  661
  626
  359
  324
   57
   22
  755
  720
  685
  418
  383
  116
   81
  814
  779
  744
  477
  442
  174
  139
  872
  837
  802
  535
  500
  233
  198
  931
  896
  861
  594
  559
  292
  257
  990
  955
  920
  653
  618
  351
  316
   49
   14
  979
  712
  677
  410
  375
  108
   73
   38
  770
  735
  468
  433
  166
  131
   96
  829
  794
  527
  492
  225
  190
  155
  888
  853
  586
  551
  284
  249
  214
  947
  912
  645
  610
  343
  308
  273
    6
  971
  704
  669
  402
  367
  331
   64
   29
  762
  727
  460
  425
  390
  123
   88
  821
  786
  519
  484
  449
  182
  147
  880
  845
  578
  543
  508
  241
  206
  939
  904
  637
  602
  567
  300
  265
  998
  963
  695
  660
  625
  358
  323
   56
   21
  754
  719
  684
  417
  382
  115
   80
  813
  778
  743
  476
  441
  174
  139
  872
  837
  802
  535
  500
  233
  198
  931
  896
  861
  594
  559
  291
  256
  989
  954
  919
  652
  617
  350
  315
   48
   13
  978
  711
  676
  409
  374
  107
   72
   37
  770
  735
  468
  433
  166
  131
   96
  829
  794
  527
  492
  225
  190
  155
  887
  852
  585
  550
  283
  248
  213
  946
  911
  644
  609
  342
  307
  272
    5
  970
  703
  668
  401
  366
  331
   64
   29
  762
  727
  460
  425
  390
  123
   88
  821
  786
  519
  483
  448
  181
  146
  879
  844
  577
  542
  507
  240
  205
  938
  903
  636
  601
  566
  299
  264
  997
  962
  695
  660
  625
  358
  323
   56
   21
  754
  719
  684
  417
  382
  115
   79
  812
  777
  742
  475
  440
  173
  138
  871
  836
  801
  534
  499
  232
  197
  930
  895
  860
  593
  558
  291
  256
  989
  954
  919
  652
  617
  350
  315
   48
   13
  978
  711
  675
  408
  373
  106
   71
   36
  769
  734
  467
  432
  165
  130
   95
  828
  793
  526
  491
  224
  189
  154
  887
  852
  585
  550
  283
  248
  213
  946
  911
  644
  609
  342
  307
  271
    4
  969
  702
  667
  400
  365
  330
   63
   28
  761
  726
  459
  424
  389
  122
   87
  820
  785
  518
  483
  448
  181
  146
  879
  844
  577
  542
  507
  240
  205
  938
  903
  635
  600
  565
  298
  263
  996
  961
  694
  659
  624
  357
  322
   55
   20
  753
  718
  683
  416
  381
  114
   79
  812
  777
  742
  475
  440
  173
  138
  871
  836
  801
  534
  499
  232
  196
  929
  894
  859
  592
  557
  290
  255
  988
  953
  918
  651
  616
  349
  314
   47
   12
  977
  710
  675
  408
  373
  106
   71
   36
  769
  734
  467
  432
  165
  130
   95
  828
  792
  525
  490
  223
  188
  153
  886
  851
  584
  549
  282
  247
  212
  945
  910
